            AACAGCGA  ACGATCAG  AGAGTCCA  AGGATAGC  ATCATGCG  ATCGTGGT  CACTTCAC  CGATCGAT  CGGTAATC  CTAGCTCA  CTCTGGAT  GATCAAGG  GATCTTGC  GCTACTCT  GTAGCGTA  GTCCTAAG  TACCGGAT  TAGCCATG  TATGGCAC  TCGACAAG  TCGAGAGT  TCGGATTC  TCTTCGAC  TGTTCCGT
AACAGCGA     8872034       553       625       541       688       448       182       329       173       755      1292       344       628       249       492       363      2578       386       482       133       508       378      2178       653
ACGATCAG         275   7942853       511       415       433       242       186       361       203       665      1060       361       193       335       292       508      2271       515       454       334       510       175      1352       579
AGAGTCCA         481       660  11316780       606       478       357       197       285       244      1359      1255       270       206       362      1058       407      2707       459       551       153      1115       236      1660       889
AGGATAGC         355       531       662   8673180       509       319       359       282       323       783      1100       228       549       413       996       307      2227       394       683       133       570       355      2149       698
ATCATGCG         540       782       621       582  10087503       598       170       265       201       848      1513       549       288       328       358       636      2521       917       788       305       497       217      1858       734
ATCGTGGT         195       307       372       267       314   6887592        84       219       175       472      1349       617       137       253       258       178      2090       228       288       112       562       157      1391       473
CACTTCAC         125       371       191       223       158       103   4191388       174       224       371       660       122       108       101       131       132      1043      3205       358        67       179       141       938       279
CGATCGAT         171       291       278       321       208       167       124   5604966       214       463      1304       183       131       195       204       227      2046       236       219       105       329       117      1160       504
CGGTAATC         154       217       244       339       203       386       203       228   5064906       509       766       185       163       147       148       164      7265       351       309        85       258       162      1316       399
CTAGCTCA         620       851      1253       704      1851       554       338       599       430  17332036      3996       511       422      1829      1242       736      4738       977       977     14841      1256       431      2907      1247
CTCTGGAT        1033      1401      2037      1211      1308      1257       685      2171      1010      3445  34976387       819       646      2491      1165      1359     14152      1277      1742       570      2379       770      6129      2652
GATCAAGG         215       567       328       264       323       448        95       211       122       448       775   6587100       266       248       277       421      1650       397       297       149       320       120     18138       417
GATCTTGC         179       193       208       368       252       109       102       205       133       269       397       184   3641072       132       170       167       790       136       251        48       176        85       755       203
GCTACTCT         259       370       492       277       323       240        96       214       166       814      1195       229       181   7416557       651       334      1846       299       335        99       470       148      1122       709
GTAGCGTA         348       826       537       327       353       306       101       213       149      1014       965       258       159      1532   8119243       415      1975       332       377       119       776       162      1351       608
GTCCTAAG         461       451       409       311       419       255       134       251       158       664      1151       437       224       277       385   8830276      2326       451      7066       183       381       271      1345       990
TACCGGAT        2269      2928      2906      2734      2665      3453      1434      2118      2913      5282     20269      2203      1427      1798      2217      3170  76363857      4661      4603      1237      5863      1922     13576      5737
TAGCCATG         277       441       466       362       453       239       247       183       196       877      1106       398       209       248       331       426      2851  10629633       521       231       556       240      1611       724
TATGGCAC         661       574       534       675       472       318       474       275       366       906      1574       338       404       317       363       759      4625       610  11184304       277       958       991      4277     88571
TCGACAAG         100       281       150       175      7836        98        35       105        56       256       449       146        70       105       110       233       957       323       205   3853350       358       127       782       246
TCGAGAGT         329       655       516       494       374       509       159       349       253       829      1857       315       215       637       360       362      3632       428       483       277  11741547       383      2011      1126
TCGGATTC        1047       216       223       315       173       118       111       254       188       407       619       132       293       123       133       164      1173       191       424        88       311   4611350      1307       327
TCTTCGAC        1079      1807      1619      2140      1520      4468       951      1187      1234      3013      5933      1934      1042      1090      1326      1381     10986      1719      2865      1053      2779      1643  42094112      3200
TGTTCCGT         791       568       845       584       718       499       266       527       283      1116      1941       400       350       487       575       462      4606       633     85536       242      1090       920      2719  15733007
